.01612151289639524
.057395960521033795
-.08870911682601462
.11513171931867336
-.01102308252251355
.05124414910122885
.07406649499040607
.002210713253138971
-.2458446910145157
.31913973229051096
.25064617009327983
-.00807365445519441
.21175886645383526
-.14909797544736825
-.028629101891248378
.30104493488394085
.11550497593264623
.10867426615140746
.08222579835328911
.08943235030934917
-.07226051622759035
-.012641537158554352
.00993169881650506
.015183603184562203
.15995007653978444
.11609426515835024
-.10021512762812287
-.06405579156576627
.03536112516177882
.20247617465774256
.07857508237247368
.11967905832274847
.13226963304303976
-.08093136313478774
.22393088217325038
.00019874401871430988
