.0643730288579689
.05843564990294714
-.12915137085663314
.14995905034507176
-.038354728388306836
.03819136308690964
.014336970216623737
-.06761186833855448
-.2654977509320179
.3512397507654492
.19359012485919982
.1077099645344889
.24433843644330364
-.1727855474591593
-.025742195163318833
.2990151090660801
.14926443258247657
.20377135422649068
.11239490482690749
.12194243891913786
-.04791183718540687
.06935263635326258
-.010094373245416607
.058526313079527076
.19965863425084157
.11054776814793785
-.08134948744478702
-.04787084288664642
.05943729581533133
.1315366140381638
.15010556449578094
.15801669071051253
.1630911067687369
-.1871833864146828
.22954284252937454
-21215489692947426e-21
