.002460611131460267
.0024799085794358785
.002499664500077518
.002472738252799164
.0024669770355301656
.002462749485960346
.002469758069551276
.002474364312459528
.0024559336067949264
.0024947283517608083
.0024728483228564054
.0024812122680379473
.0024789401203396096
.0024580330285478963
.0024726008046875966
.002460092202915313
.002486075691350441
.0025043990292870862
.0025140304557023994
.0025409962426617473
.002584278480617978
.0025865102602589196
.0025840339738268446
.0025947202432267365
.0026519419472585326
.0025995143359370462
.002636438214296778
.0026852394707831523
.0026838071200032915
.002742614871244534
.002735499942421886
.002756438671180807
.0027733608790526413
.002783893454343093
.0028054027372269065
.002860681093602093
.002887529600541377
.0029177422810796683
.0029821183062400955
.0030237731960044098
.0030480778571920536
.0030404708289317266
.0029974341734321226
.003029754750706379
.0031140281788130312
.0032836969460947676
.0032673758985927144
.003330144807584194
.0033824727202291017
.0035004512972739875
.003907313377979978
.0035672163287744996
.0034963190081597467
.003364888104535227
.0032549293009411745
.0032718768762635218
.003173763377344623
.003185186366046041
.0031151869980600307
.003072332190617365
.003042849779255964
.0029876980416091
.0029413346512059627
.0029131444278183366
.0028620816877564727
.002831870143122078
.0027907930133110985
.002807124503090646
.002764136561161301
.0027334658963823386
.0027104958062887188
.0027008917023104177
.002629532696374578
.0026507022661686756
.002602508404248635
.0025921314825490455
.002600204567043048
.002560793264205846
.0025003326578613254
.002524649390518628
.0025271247360227934
.002519655422638253
.0024792109775860815
.0024344094296028717
.0024292623334436045
.0024441836402403143
.0024560978310619193
.002422696315777199
.0024161496869980494
.002445049343545698
.002410982114014675
.0024619157195510536
.002412387337083785
.0024212405076097345
.002419406127962826
.0024370116928476107
.0024100385364609917
.002390857381239304
.002423221623766269
.002458257481459859
.0023993404637562437
